STATE	YEAR	JAN	FEB	MAR	APR	MAY	JUN	JUL	AUG	SEP	OCT	NOV	DEC
CO	1895	33.60	33.30	46.10	60.80	66.50	74.00	77.70	80.00	75.70	60.30	42.30	33.90
CO	1896	41.20	41.30	44.80	58.30	68.00	80.20	80.90	81.20	70.10	59.20	42.80	43.10
CO	1897	34.20	36.80	42.80	55.80	70.50	77.40	82.00	79.60	75.20	59.80	48.50	33.40
CO	1898	32.60	43.40	43.50	59.00	61.80	76.60	81.90	82.00	72.20	57.70	43.00	30.90
CO	1899	34.00	29.40	43.70	58.70	66.50	77.20	80.20	79.80	74.90	58.00	50.50	35.00
CO	1900	40.80	39.10	51.90	52.40	68.10	80.10	82.90	81.90	70.20	62.90	49.30	41.50
CO	1901	39.40	37.90	46.00	55.50	67.60	76.80	86.70	80.70	72.70	63.10	52.90	38.60
CO	1902	38.40	43.20	44.30	59.00	68.70	78.80	80.30	80.80	72.30	61.80	46.70	36.40
CO	1903	37.50	28.30	44.10	55.60	63.80	69.80	80.90	80.30	70.00	62.40	49.70	41.80
CO	1904	36.60	47.30	51.40	58.30	65.50	71.70	79.00	77.80	72.20	60.20	53.00	39.80
CO	1905	33.90	33.00	48.80	53.00	61.80	77.00	79.00	81.20	73.40	57.70	48.30	35.80
CO	1906	39.50	43.90	39.30	56.20	65.50	74.60	76.70	78.30	69.80	58.10	44.20	43.50
CO	1907	38.90	48.70	54.00	55.50	58.70	71.80	80.70	78.00	72.40	63.10	46.50	38.10
CO	1908	38.00	40.30	51.20	59.00	62.80	74.20	80.10	77.00	74.40	56.10	44.80	34.00
CO	1909	38.80	38.20	43.30	51.80	62.40	75.80	81.90	79.90	69.80	61.90	47.50	25.80
CO	1910	35.10	37.50	58.40	60.40	65.20	78.40	83.60	79.10	74.30	63.10	51.30	40.10
CO	1911	42.30	37.70	51.10	56.90	68.00	77.90	77.50	78.90	73.70	56.10	42.80	32.10
CO	1912	34.00	37.00	38.30	52.40	64.60	72.00	78.20	77.70	64.80	58.10	48.90	34.40
CO	1913	33.60	32.80	43.30	57.60	68.80	74.30	80.90	82.60	67.80	56.30	49.60	29.60
CO	1914	36.90	37.20	47.80	55.60	65.50	76.00	78.80	79.10	74.30	60.50	53.60	30.40
CO	1915	33.30	40.40	40.60	57.90	60.90	71.40	78.00	75.90	70.00	63.10	48.60	38.50
CO	1916	32.00	42.90	52.60	55.20	65.10	76.30	82.40	76.40	70.80	56.80	44.70	32.70
CO	1917	32.50	38.90	41.00	51.20	56.50	75.20	83.00	77.10	72.10	59.70	52.50	42.90
CO	1918	30.60	41.90	51.80	50.50	66.50	80.70	79.70	79.40	68.20	60.70	42.00	33.60
CO	1919	33.30	34.10	44.50	55.70	67.00	76.60	82.70	82.20	73.60	54.70	43.20	35.10
CO	1920	38.40	40.60	45.80	47.20	65.00	74.00	81.50	76.00	71.00	59.50	43.20	35.80
CO	1921	38.60	42.80	52.20	53.40	65.70	74.80	80.50	77.80	74.40	65.40	51.10	41.30
CO	1922	33.20	38.80	45.70	52.40	65.60	79.50	82.00	81.60	75.50	62.80	43.30	39.60
CO	1923	42.70	37.70	42.50	55.00	64.90	74.90	81.10	75.80	68.50	52.10	47.40	36.40
CO	1924	33.00	43.40	36.50	54.80	63.30	78.30	80.90	81.50	71.30	61.20	49.80	29.90
CO	1925	31.60	43.20	51.50	60.80	69.60	76.10	81.30	76.10	71.20	54.60	44.40	37.80
CO	1926	34.00	44.60	46.10	56.00	65.80	76.50	79.50	81.30	72.20	63.70	47.00	34.50
CO	1927	40.70	43.00	44.60	56.80	69.50	73.70	79.60	74.00	69.30	63.30	50.40	32.80
CO	1928	40.90	40.50	49.10	54.20	66.20	71.10	80.80	78.70	73.40	59.90	43.80	34.70
CO	1929	33.10	31.50	45.50	53.90	64.40	77.00	81.90	79.40	67.60	59.20	38.30	41.50
CO	1930	26.80	47.20	45.30	62.60	63.20	77.80	81.40	78.80	71.70	58.80	45.80	34.10
CO	1931	38.30	43.10	43.90	57.00	64.30	80.20	85.00	80.80	75.50	62.80	43.70	35.20
CO	1932	30.40	44.00	42.20	58.20	67.80	74.80	83.20	80.70	72.80	59.60	50.00	30.00
CO	1933	37.60	34.60	49.80	53.20	63.00	81.00	84.40	78.80	76.00	65.40	51.60	44.40
CO	1934	42.50	45.40	53.60	61.40	74.40	79.60	87.00	82.60	71.70	66.50	49.40	39.80
CO	1935	43.30	44.60	49.10	54.20	58.00	77.00	84.20	81.20	72.90	60.30	44.90	39.40
CO	1936	35.80	36.60	49.70	58.80	69.90	80.30	85.00	81.40	72.20	58.10	49.10	39.20
CO	1937	26.40	39.40	44.40	56.60	69.00	74.80	83.10	84.20	74.30	61.60	47.40	37.90
CO	1938	37.80	41.30	47.90	57.20	63.30	76.30	81.70	82.60	72.40	63.70	41.80	38.30
CO	1939	36.50	31.50	47.20	58.90	70.00	77.50	85.30	81.00	74.50	62.40	51.80	46.00
CO	1940	30.30	39.70	49.90	56.80	69.00	79.70	84.40	80.70	72.20	64.10	42.90	38.90
CO	1941	36.40	41.60	44.10	51.60	67.30	72.40	80.50	79.10	69.50	56.70	49.20	40.10
CO	1942	34.90	33.20	43.20	57.70	65.90	74.80	82.80	80.00	71.80	59.90	50.70	40.40
CO	1943	39.60	46.90	46.40	63.80	63.50	75.60	84.20	81.30	74.40	62.30	49.10	37.50
CO	1944	35.90	38.70	42.60	49.90	66.30	75.20	80.60	81.80	74.90	63.50	46.50	38.20
CO	1945	38.20	41.00	48.90	51.00	67.10	71.00	81.70	79.80	71.80	63.20	48.50	35.50
CO	1946	38.30	44.10	51.80	63.60	62.30	79.30	83.60	79.30	73.60	57.30	40.30	43.00
CO	1947	36.80	40.60	45.40	54.20	66.60	72.00	82.80	80.70	76.00	64.40	40.30	36.90
CO	1948	35.10	35.60	39.20	59.60	67.80	75.00	82.60	80.60	77.00	62.30	41.30	37.40
CO	1949	27.10	37.00	46.50	57.40	65.10	72.80	81.20	80.40	73.50	58.20	56.70	39.90
CO	1950	38.00	45.40	46.70	58.20	64.10	77.90	78.00	78.10	68.60	69.30	48.70	43.30
CO	1951	35.60	42.30	45.20	53.50	66.10	71.20	83.00	79.00	72.90	58.50	43.30	35.00
CO	1952	37.30	39.00	40.00	56.20	65.70	81.00	82.50	80.10	75.00	65.80	40.80	35.20
CO	1953	43.90	40.50	50.60	52.30	61.30	79.80	82.80	78.70	76.50	62.80	48.60	35.70
CO	1954	41.00	51.30	44.40	63.40	66.60	79.40	84.80	80.70	74.70	61.80	52.30	39.90
CO	1955	34.20	34.40	46.00	56.90	65.90	73.00	84.10	80.90	74.50	64.60	44.00	41.10
CO	1956	41.30	35.20	48.50	55.30	70.00	82.20	81.50	78.30	77.80	64.80	42.30	39.20
CO	1957	33.80	45.70	45.40	50.20	59.80	74.20	81.00	78.90	71.50	57.60	40.20	43.30
CO	1958	38.60	43.30	38.40	51.70	70.00	78.20	80.20	82.50	73.60	63.20	48.80	42.60
CO	1959	37.80	38.40	45.90	55.80	65.50	79.70	82.70	80.40	70.20	57.10	47.30	42.20
CO	1960	33.40	30.40	45.20	59.10	66.10	77.90	82.20	82.80	74.40	60.00	48.80	35.90
CO	1961	39.30	43.10	45.60	53.90	66.10	77.70	81.10	79.30	65.60	60.30	42.30	33.50
CO	1962	31.80	41.90	43.20	59.70	68.60	74.70	80.40	82.00	72.20	64.40	50.50	42.50
CO	1963	30.20	45.50	47.10	58.80	70.90	77.90	85.20	78.20	75.00	67.80	50.70	36.80
CO	1964	37.10	34.50	40.90	53.80	67.50	74.70	85.40	78.80	71.40	64.80	45.10	36.80
CO	1965	40.10	38.50	37.90	57.00	65.00	71.70	80.20	77.00	64.00	64.80	51.30	40.80
CO	1966	33.40	34.80	51.40	56.70	70.20	76.30	84.40	78.50	72.60	60.90	50.30	36.80
CO	1967	39.30	42.80	53.40	58.20	63.00	71.10	80.20	77.80	71.00	63.80	49.30	32.20
CO	1968	36.30	41.60	49.10	52.20	62.60	78.70	80.40	75.50	71.40	63.20	43.10	36.10
CO	1969	40.70	40.70	40.00	59.70	68.90	70.60	82.50	82.10	72.50	49.30	46.40	39.20
CO	1970	37.40	47.20	41.80	51.20	69.20	74.90	81.90	82.20	69.70	53.60	46.30	40.70
CO	1971	37.90	38.80	47.60	56.00	63.30	78.70	81.10	80.30	68.60	58.90	45.40	35.60
CO	1972	37.90	45.30	55.40	58.60	66.40	77.30	81.00	78.60	70.40	58.00	36.70	30.70
CO	1973	31.20	38.50	43.10	49.80	63.90	75.80	79.60	81.20	68.40	63.10	47.20	37.90
CO	1974	31.30	39.70	51.60	55.80	71.50	78.50	82.80	77.90	70.70	61.90	46.30	35.40
CO	1975	35.80	38.10	44.90	52.70	63.20	73.80	81.40	80.50	70.70	64.10	45.20	39.80
CO	1976	37.40	46.50	46.50	57.00	65.50	76.50	83.20	79.10	70.30	57.90	47.40	41.40
CO	1977	35.30	45.30	46.30	58.70	67.50	80.90	82.50	79.00	74.70	63.60	48.00	41.90
CO	1978	34.00	36.20	50.30	58.40	62.80	77.00	84.50	79.80	74.00	63.80	45.40	30.30
CO	1979	26.00	38.70	45.60	56.40	62.80	75.30	82.30	78.10	76.30	64.30	39.20	40.30
CO	1980	34.30	41.40	43.50	53.30	61.90	80.30	85.40	80.90	74.00	60.70	48.80	48.30
CO	1981	45.40	45.90	46.90	63.30	63.00	79.90	82.10	78.20	73.90	58.20	51.50	41.00
CO	1982	37.20	39.10	48.20	56.00	63.70	72.50	81.60	80.00	69.50	57.50	44.20	38.20
CO	1983	39.70	42.40	44.40	48.70	60.60	71.70	82.40	82.70	75.70	62.30	45.80	28.70
CO	1984	32.00	39.20	43.80	50.00	68.60	74.50	82.20	79.80	71.10	51.70	47.80	38.80
CO	1985	33.20	35.90	48.30	59.10	67.00	77.70	81.60	81.60	67.60	59.50	40.50	36.00
CO	1986	45.40	43.50	55.00	57.90	65.90	77.20	80.70	80.10	68.00	57.70	46.20	38.60
CO	1987	37.40	42.00	45.20	60.50	65.50	78.00	82.60	77.70	72.00	63.60	46.70	35.30
CO	1988	31.10	40.80	46.50	58.50	66.50	79.90	83.30	81.50	71.10	64.80	46.80	38.60
CO	1989	39.00	34.10	53.70	61.10	68.50	74.00	84.10	78.40	72.10	61.40	51.10	36.80
CO	1990	39.10	39.90	48.50	58.30	64.50	81.60	79.80	79.50	75.30	61.20	49.90	33.30
CO	1991	34.30	47.40	47.50	55.30	67.70	76.90	81.00	79.50	72.00	62.90	41.30	37.60
CO	1992	37.70	44.20	50.80	62.90	68.20	73.50	78.30	77.40	74.00	64.10	39.30	33.50
CO	1993	34.60	36.20	48.70	55.10	66.20	75.00	81.10	77.40	70.20	58.20	41.80	39.30
CO	1994	39.80	39.20	52.80	56.80	69.50	82.20	83.50	82.40	74.20	59.00	43.90	41.90
CO	1995	38.80	47.90	49.00	52.60	58.40	72.40	80.50	84.00	71.50	61.30	51.90	42.20
CO	1996	37.90	45.00	48.00	58.20	70.00	78.50	82.60	80.80	69.10	60.40	46.90	39.50
CO	1997	36.60	39.50	54.00	51.30	66.60	76.50	82.30	78.10	73.00	60.10	43.90	35.30
CO	1998	40.20	40.40	46.80	54.30	69.40	74.60	82.80	80.50	77.60	59.90	49.50	39.60
CO	1999	41.70	47.70	53.70	52.60	63.90	75.30	82.10	78.60	69.50	64.80	57.30	40.70
CO	2000	41.00	47.50	49.10	61.90	71.50	78.70	85.40	84.20	74.90	60.60	39.20	38.20
CO	2001	37.60	39.70	47.90	59.60	68.00	79.80	85.10	81.60	76.20	63.00	51.30	39.20
CO	2002	38.40	41.90	46.90	62.60	69.20	83.70	87.10	82.30	72.00	56.30	46.20	39.80
CO	2003	44.60	38.20	49.40	59.30	68.00	74.40	89.30	83.30	72.10	67.30	44.70	41.50
CO	2004	39.30	38.80	56.70	57.40	69.90	75.70	80.50	77.80	72.10	59.60	44.90	40.90
CO	2005	41.40	43.50	48.30	57.50	67.60	75.90	86.80	79.40	75.30	61.90	51.00	38.60
CO	2006	43.50	42.60	48.00	62.80	71.30	82.10	83.80	79.10	67.50	57.60	50.00	38.40
CO	2007	31.90	39.10	54.20	56.60	67.40	78.50	84.80	83.20	74.40	63.40	53.10	33.60
CO	2008	33.40	40.20	47.80	55.80	65.70	77.60	84.90	79.40	72.20	62.20	51.40	37.40
CO	2009	41.10	45.80	51.40	55.40	67.90	73.30	81.90	80.30	71.90	53.10	51.50	32.20
CO	2010	38.90	36.30	48.30	57.20	64.20	79.10	83.40	80.90	78.00	63.60	47.20	42.80
CO	2011	37.10	37.80	51.30	56.80	62.80	78.90	84.70	84.40	73.00	61.30	48.40	37.00
CO	2012	43.00	39.30	57.20	62.80	71.00	84.80	85.60	83.20	74.80	61.00	54.30	38.40
CO	2013	36.70	38.80	48.80	53.50	67.20	82.30	82.80	81.10	73.70	57.50	47.90	36.60
CO	2014	39.80	39.40	50.50	57.10	66.30	78.00	82.60	78.40	74.30	64.00	46.70	39.40
CO	2015	41.10	44.90	54.90	58.60	61.10	79.20	80.20	81.80	77.90	64.60	47.50	37.40
CO	2016	38.10	45.70	52.00	56.80	64.10	82.30	84.40	78.70	74.60	67.30	54.00	37.60
CO	2017	36.20	47.90	57.10	57.70	65.20	80.70	84.10	78.80	73.10	61.50	54.90	43.90
CO	2018	43.70	41.40	52.40	58.50	72.00	82.90	85.10	81.00	77.20	57.10	45.00	39.20
CO	2019	38.60	37.60	45.80	59.20	60.50	75.40	84.40	83.60	78.30	56.30	48.80	39.90
CO	2020	40.10	39.50	51.50	58.10	70.60	80.90	84.50	86.30	74.80	63.40	52.60	39.70
OH	1895	30.80	27.60	44.20	62.30	73.60	85.00	84.10	85.90	80.70	58.20	50.20	40.20
OH	1896	34.40	37.30	40.40	68.00	79.60	80.50	82.90	82.20	72.80	58.60	53.00	39.20
OH	1897	31.70	38.40	50.30	58.70	68.00	79.20	86.20	80.40	82.30	70.90	50.00	38.40
OH	1898	38.20	37.50	53.60	57.40	71.80	83.30	87.30	83.20	79.40	62.90	46.80	35.70
OH	1899	35.40	30.20	45.60	63.90	74.40	83.30	86.00	86.20	75.80	69.00	52.10	37.20
OH	1900	37.80	34.90	40.80	60.80	76.00	80.60	85.30	87.70	80.90	72.30	49.20	37.80
OH	1901	36.20	29.50	48.30	56.50	70.50	82.40	89.80	83.70	76.00	66.50	45.30	35.00
OH	1902	34.30	30.20	50.80	58.20	75.90	78.20	85.50	80.80	75.10	65.40	56.50	35.50
OH	1903	33.80	38.00	55.40	60.40	76.90	74.40	84.60	82.60	79.50	64.50	46.20	31.00
OH	1904	28.90	32.00	48.20	53.50	72.20	78.90	82.70	81.40	77.10	63.80	50.40	35.30
OH	1905	29.60	28.40	52.20	59.30	72.30	80.30	83.70	82.50	77.00	62.70	48.50	38.90
OH	1906	42.80	37.80	37.60	64.30	73.90	80.80	83.40	84.90	80.40	61.80	50.00	38.10
OH	1907	39.80	35.00	54.80	51.80	66.30	76.00	83.60	80.20	75.80	59.50	46.50	39.20
OH	1908	36.20	35.20	52.20	61.40	73.00	81.40	85.70	83.60	83.80	66.80	51.70	39.90
OH	1909	39.10	43.30	44.90	59.90	70.10	80.40	81.80	83.30	75.00	59.80	58.60	32.00
OH	1910	33.60	34.30	60.50	63.00	66.90	77.40	84.90	84.30	77.10	67.50	42.10	31.50
OH	1911	39.80	42.30	46.50	57.20	80.30	82.20	86.90	83.20	77.80	62.50	45.00	42.20
OH	1912	24.80	31.10	40.40	62.70	74.00	78.60	83.70	78.70	78.20	66.40	50.70	41.30
OH	1913	43.50	35.50	49.70	60.40	72.40	83.20	86.40	85.50	75.90	63.20	52.20	40.30
OH	1914	38.70	31.50	43.70	59.50	74.80	83.70	86.70	84.20	75.70	66.40	51.80	32.40
OH	1915	33.00	42.40	40.20	66.20	68.40	77.20	81.60	76.00	77.20	65.50	53.50	35.40
OH	1916	43.80	33.90	43.40	58.00	72.80	75.10	88.90	85.80	75.60	65.80	52.00	36.80
OH	1917	35.70	35.10	47.70	58.80	64.10	77.70	82.70	82.10	74.10	56.30	47.60	28.90
OH	1918	22.00	41.20	55.80	58.20	78.00	80.60	83.70	88.20	69.20	67.10	49.70	45.30
OH	1919	40.50	39.90	50.80	60.10	69.20	85.50	87.60	81.50	78.70	68.20	49.00	32.80
OH	1920	28.90	33.70	51.80	54.20	69.90	79.60	81.50	79.60	77.40	70.60	46.70	39.00
OH	1921	39.70	40.00	58.90	65.80	73.10	84.70	89.40	81.20	80.10	63.80	49.40	38.60
OH	1922	33.70	41.10	50.20	62.60	75.10	82.00	83.80	82.00	80.40	67.10	51.40	39.80
OH	1923	37.60	33.70	47.60	60.40	71.30	82.80	84.70	81.40	75.40	61.50	48.50	46.90
OH	1924	32.40	34.50	41.80	60.70	65.00	78.30	81.90	83.30	70.80	68.70	49.40	35.60
OH	1925	34.00	45.00	51.80	66.50	68.30	84.50	82.70	83.40	80.50	52.30	46.30	34.80
OH	1926	33.70	38.00	41.10	54.20	73.90	77.40	84.40	83.20	75.80	61.60	47.70	35.10
OH	1927	33.50	44.70	50.50	59.70	69.90	75.30	83.90	76.80	80.10	68.60	54.00	38.90
OH	1928	35.90	38.00	46.60	55.80	71.60	74.10	84.30	84.20	72.90	67.20	49.30	41.70
OH	1929	33.20	33.20	55.50	63.30	69.80	78.90	84.00	79.50	76.50	61.10	45.40	37.20
OH	1930	35.00	46.70	47.40	63.50	74.60	82.90	89.60	84.50	79.00	61.50	51.10	35.60
OH	1931	38.20	42.20	41.40	60.80	70.50	82.40	89.20	82.10	80.60	67.20	57.80	45.70
OH	1932	45.80	45.50	41.30	59.90	74.00	82.40	85.40	85.10	77.70	63.70	46.90	39.90
OH	1933	44.40	40.80	45.30	60.70	73.00	87.30	87.00	82.50	79.10	62.60	46.50	42.00
OH	1934	39.50	29.60	45.00	60.40	78.00	88.60	90.70	82.50	78.30	65.60	53.40	36.30
OH	1935	36.80	38.10	55.10	56.10	67.20	77.60	87.00	82.10	75.50	64.80	48.60	30.00
OH	1936	28.40	31.50	52.20	55.20	76.70	83.40	89.90	86.80	80.20	63.20	45.30	42.90
OH	1937	42.80	39.40	42.80	59.60	71.60	79.40	83.90	84.60	74.60	60.00	46.60	33.90
OH	1938	36.50	44.80	55.20	63.00	72.50	79.00	84.40	85.20	75.50	68.60	54.40	38.50
OH	1939	39.70	42.00	50.00	56.30	76.40	82.30	83.20	83.60	83.20	67.20	48.40	40.90
OH	1940	22.80	35.80	42.20	56.30	69.50	80.60	85.60	83.00	74.60	65.40	47.90	43.40
OH	1941	34.30	33.70	41.80	67.80	76.80	81.30	86.30	83.10	81.10	67.00	51.60	42.90
OH	1942	35.20	33.20	50.30	66.60	73.40	81.50	85.30	80.80	75.50	64.90	50.90	33.60
OH	1943	36.00	41.40	46.90	55.80	70.80	85.30	84.90	83.00	74.50	62.60	47.40	36.90
OH	1944	38.90	41.70	45.50	58.40	78.80	84.90	87.80	85.00	76.30	63.90	48.90	32.50
OH	1945	27.50	38.40	60.10	64.20	67.20	78.30	83.30	83.30	77.90	62.40	50.40	31.10
OH	1946	38.80	41.60	61.00	62.30	68.80	80.10	85.00	78.30	78.80	69.90	55.30	43.30
OH	1947	40.90	30.20	39.90	61.00	68.80	78.60	79.80	87.10	77.00	72.70	45.00	38.10
OH	1948	28.00	40.10	51.60	65.40	70.20	81.10	85.00	83.80	78.10	60.10	54.20	41.50
OH	1949	42.20	45.20	49.20	59.50	74.90	84.80	87.70	83.80	71.50	69.40	49.70	43.20
OH	1950	46.60	39.20	44.00	54.80	73.60	79.40	81.60	80.50	73.20	67.80	44.40	32.20
OH	1951	37.20	39.20	47.80	58.20	74.10	80.10	84.70	82.70	75.60	68.40	43.10	39.20
OH	1952	40.50	41.40	46.50	61.30	70.50	86.10	88.40	83.30	77.90	60.90	52.10	39.90
OH	1953	40.40	43.70	49.60	56.00	74.60	84.60	86.30	85.20	79.20	70.30	53.00	41.10
OH	1954	37.40	46.70	46.10	67.90	68.10	83.50	86.20	81.10	79.70	64.50	49.40	37.20
OH	1955	33.90	39.40	50.30	67.50	75.00	78.00	88.20	86.00	79.90	64.60	47.50	36.10
OH	1956	32.80	40.80	46.90	57.70	71.20	80.40	81.90	81.40	73.50	69.40	50.60	45.00
OH	1957	30.40	42.60	48.00	62.10	72.80	81.10	84.60	83.20	76.00	59.80	50.60	43.10
OH	1958	33.40	30.40	41.80	62.20	71.70	76.20	82.00	80.70	74.50	64.40	52.60	31.10
OH	1959	33.60	40.80	47.20	62.30	76.40	81.80	84.90	86.30	80.30	63.40	47.40	41.40
OH	1960	37.10	35.10	34.80	65.40	68.50	79.30	82.30	83.20	78.80	64.90	52.40	32.60
OH	1961	30.30	43.40	50.80	53.10	67.70	78.40	82.60	82.00	80.70	66.80	50.60	37.40
OH	1962	32.80	36.90	44.20	59.80	78.60	81.70	82.00	83.90	72.50	65.00	48.10	33.70
OH	1963	28.60	31.70	50.50	62.10	70.50	81.90	84.20	79.20	76.30	74.80	52.70	28.30
OH	1964	38.20	36.00	48.70	62.60	75.80	81.60	85.40	81.70	77.40	63.60	56.00	40.00
OH	1965	35.50	38.30	41.40	60.00	78.80	80.60	83.20	81.00	76.80	61.30	52.10	43.20
OH	1966	30.10	36.40	51.40	56.60	68.00	83.20	86.60	81.30	72.80	61.40	50.50	37.10
OH	1967	39.90	34.60	48.90	63.30	66.10	83.20	81.50	79.20	73.40	63.40	43.60	41.40
OH	1968	30.80	33.80	51.10	63.40	67.10	80.60	83.80	82.90	76.20	64.40	50.20	36.40
OH	1969	33.20	37.40	44.70	63.40	73.10	78.70	83.70	83.00	74.30	64.30	46.00	32.90
OH	1970	27.80	36.70	42.80	62.70	76.10	80.60	83.40	83.40	80.10	65.40	49.00	41.30
OH	1971	31.30	37.50	43.50	60.70	69.60	84.10	82.00	80.80	77.40	70.60	49.90	46.20
OH	1972	37.10	36.00	46.20	59.60	73.40	75.00	82.40	80.90	75.50	58.40	44.40	39.80
OH	1973	37.70	37.50	56.60	58.10	67.10	82.20	83.40	82.60	78.70	68.00	51.90	38.90
OH	1974	39.00	37.90	50.50	63.60	70.20	76.70	85.00	81.70	70.80	62.40	50.60	37.10
OH	1975	38.70	39.00	44.50	55.10	75.80	80.20	84.10	83.70	69.60	65.20	56.00	40.10
OH	1976	31.30	47.60	56.20	63.80	69.90	81.10	82.50	79.40	73.30	57.10	43.20	33.70
OH	1977	20.10	36.10	54.90	65.80	79.20	78.50	86.40	80.80	76.80	60.80	51.00	36.10
OH	1978	25.50	26.10	41.50	60.80	69.00	80.70	82.30	81.80	79.90	61.50	52.30	40.20
OH	1979	27.30	27.10	52.30	58.40	71.00	79.70	80.60	79.30	75.20	61.20	51.70	41.40
OH	1980	33.90	31.80	43.70	58.80	73.10	78.50	84.90	84.10	78.00	60.10	47.80	37.50
OH	1981	29.00	40.30	46.40	64.60	68.70	80.40	83.20	81.10	72.60	61.80	51.70	35.30
OH	1982	29.50	35.60	48.30	57.60	78.50	76.40	84.40	79.60	73.70	66.20	52.50	47.20
OH	1983	35.70	42.10	51.60	56.50	68.30	80.80	87.30	87.00	78.50	63.80	52.40	30.50
OH	1984	29.30	45.40	39.30	58.30	67.40	83.80	81.60	82.60	73.80	67.40	49.40	46.60
OH	1985	28.10	34.70	52.50	67.70	74.30	76.70	82.90	80.00	78.00	66.50	53.80	32.60
OH	1986	35.60	37.50	51.30	65.80	73.10	80.60	84.50	80.60	77.60	64.60	47.80	38.10
OH	1987	34.10	41.60	53.70	61.10	77.20	82.50	85.30	83.40	76.50	59.30	55.70	41.30
OH	1988	34.00	36.80	48.90	60.80	74.40	84.10	88.70	85.80	74.90	56.90	52.50	39.90
OH	1989	43.50	34.60	51.20	57.70	67.00	78.70	83.50	80.60	73.60	65.10	49.50	26.60
OH	1990	44.10	45.80	53.60	61.20	67.20	78.90	81.90	80.10	74.60	64.20	56.30	44.90
OH	1991	35.50	42.10	51.90	64.00	79.00	84.00	86.00	84.00	76.20	66.70	47.80	42.50
OH	1992	37.30	43.30	48.40	60.00	70.20	76.10	81.00	77.50	74.00	62.00	48.80	39.40
OH	1993	39.20	35.50	43.50	59.40	72.90	78.60	85.20	85.10	72.30	62.40	49.70	37.30
OH	1994	27.60	37.10	47.40	64.40	68.40	83.50	83.40	79.60	75.00	65.80	56.70	44.40
OH	1995	35.80	35.80	52.80	60.00	69.40	81.20	84.80	86.40	74.20	66.00	44.70	34.50
OH	1996	33.40	37.20	43.50	60.30	68.60	80.50	81.80	82.80	73.70	64.60	43.10	42.70
OH	1997	34.50	42.90	51.30	58.20	65.80	78.50	83.10	78.50	74.40	64.70	45.90	39.70
OH	1998	41.90	46.00	50.00	62.80	76.00	79.00	82.90	83.90	80.90	65.60	53.60	45.80
OH	1999	37.30	43.60	45.70	64.60	75.30	82.90	88.70	81.60	78.90	64.60	57.50	41.40
OH	2000	35.60	44.40	55.70	60.80	74.30	80.30	80.40	80.10	74.20	67.60	48.40	29.50
OH	2001	34.80	42.30	44.80	66.30	72.90	79.40	83.20	83.40	73.60	64.50	59.80	45.30
OH	2002	42.10	45.00	49.10	63.70	68.50	82.80	87.30	85.70	81.10	61.00	47.30	37.30
OH	2003	28.60	33.00	52.30	64.00	69.50	76.40	82.00	82.60	73.40	62.50	55.50	39.40
OH	2004	31.10	39.10	51.80	61.60	75.90	78.30	81.30	78.70	77.60	64.40	53.50	39.60
OH	2005	36.90	41.00	44.20	64.20	68.70	84.00	85.70	85.00	79.70	63.90	54.70	33.80
OH	2006	46.40	39.60	48.00	67.10	70.30	78.80	84.20	84.00	71.40	60.20	53.50	47.00
OH	2007	39.90	27.80	54.20	58.40	77.60	83.20	82.30	85.90	80.60	70.60	51.10	40.00
OH	2008	37.60	36.60	45.20	64.80	68.40	81.70	83.40	82.20	79.30	63.80	49.00	39.70
OH	2009	29.20	41.00	53.90	62.40	73.00	80.00	78.70	81.30	75.20	59.60	55.80	37.70
OH	2010	31.00	32.40	52.60	68.80	74.40	82.40	86.00	85.30	78.50	66.80	53.60	30.80
OH	2011	30.90	39.00	48.70	62.80	71.70	81.20	88.40	83.00	73.30	63.00	56.50	44.00
OH	2012	40.40	43.40	63.60	62.00	78.90	83.10	89.20	83.70	74.80	62.20	49.90	44.70
OH	2013	38.70	36.80	42.50	62.60	74.80	80.00	81.90	80.70	76.30	64.80	47.40	39.40
OH	2014	29.50	32.60	44.50	63.70	73.20	81.20	79.90	81.50	75.70	63.00	45.20	41.60
OH	2015	32.50	27.40	45.80	63.00	77.00	79.20	81.80	81.20	80.10	65.00	57.70	51.70
OH	2016	35.80	42.60	56.40	62.30	70.70	83.00	85.40	86.10	80.90	68.60	56.80	37.90
OH	2017	41.60	50.30	49.60	68.40	70.70	81.00	83.00	80.50	77.30	68.10	51.20	37.40
OH	2018	33.70	45.60	45.00	55.80	79.90	81.30	84.50	83.00	78.70	64.20	43.60	42.20
OH	2019	35.00	41.50	46.50	63.40	73.50	78.80	86.40	82.40	81.90	68.20	46.40	44.70
OH	2020	41.70	40.60	53.90	58.50	68.80	81.90	88.20	83.10	76.20	63.10	57.20	40.40
VA	1895	40.40	35.90	53.20	64.50	73.00	85.00	82.80	86.00	83.90	64.80	57.20	47.40
VA	1896	42.50	47.00	51.10	69.20	80.80	80.60	85.20	85.70	78.10	65.00	62.50	46.00
VA	1897	41.60	48.10	57.50	66.40	73.50	82.70	86.60	84.60	81.70	70.00	57.90	47.10
VA	1898	46.60	46.80	59.60	61.10	77.00	84.40	86.40	84.90	80.80	66.90	52.70	45.60
VA	1899	44.80	38.40	54.00	65.70	77.00	85.10	87.30	85.90	77.80	69.30	57.90	46.10
VA	1900	45.40	44.70	51.30	65.40	77.80	82.00	88.90	90.70	83.60	70.90	58.40	46.40
VA	1901	44.90	41.20	56.90	59.10	74.20	82.40	88.10	82.70	76.60	68.70	50.00	44.10
VA	1902	41.00	37.50	57.00	63.50	78.70	82.80	87.70	83.60	76.70	69.20	62.20	44.80
VA	1903	42.40	49.80	61.50	64.20	77.40	77.00	86.40	82.60	77.50	67.60	53.10	40.90
VA	1904	39.70	41.00	55.40	61.80	75.70	81.70	84.20	81.80	78.40	68.10	54.00	42.50
VA	1905	39.80	36.20	58.80	66.40	77.60	82.90	84.40	82.50	79.20	68.30	56.10	45.80
VA	1906	47.80	46.80	47.90	68.90	76.90	83.00	83.10	84.20	79.80	64.40	57.50	47.30
VA	1907	51.40	43.10	62.00	58.20	72.70	75.80	85.70	82.40	79.70	65.10	52.80	47.30
VA	1908	43.10	40.80	61.20	69.10	75.50	81.40	85.90	81.80	77.40	68.40	58.00	47.70
VA	1909	48.70	54.80	53.60	66.70	74.90	82.70	84.00	82.60	75.50	65.80	62.30	41.50
VA	1910	44.60	45.00	64.60	68.00	72.90	78.00	85.20	81.60	80.00	71.00	49.80	39.30
VA	1911	49.30	50.10	54.30	60.70	81.10	84.00	87.40	85.90	80.30	67.60	52.70	50.10
VA	1912	35.80	41.20	52.30	68.50	76.00	80.70	84.70	83.60	80.20	69.90	56.90	49.50
VA	1913	53.90	47.90	59.60	65.90	76.40	82.00	86.20	82.70	76.00	67.20	58.80	49.50
VA	1914	47.40	42.60	50.00	65.60	78.40	86.00	85.00	85.50	76.80	69.00	56.60	39.80
VA	1915	43.20	49.90	47.40	70.50	74.50	79.30	84.90	81.60	79.00	69.30	58.10	43.60
VA	1916	51.70	47.30	53.20	64.40	78.30	79.20	83.90	83.50	77.10	68.60	57.90	46.00
VA	1917	47.10	46.50	54.30	67.00	69.90	82.00	83.80	83.80	73.20	64.10	53.70	35.90
VA	1918	32.70	50.40	61.40	62.60	79.90	80.40	81.90	86.10	73.80	71.50	55.30	49.10
VA	1919	47.90	46.00	57.90	66.00	74.40	81.60	85.10	82.70	80.60	74.90	57.00	44.40
VA	1920	42.20	42.10	56.70	63.70	71.20	80.80	83.20	80.60	78.10	72.20	53.90	46.00
VA	1921	46.40	49.50	67.40	70.10	71.90	84.20	86.60	82.80	83.90	69.80	58.80	48.60
VA	1922	41.20	49.80	57.00	67.20	75.60	82.50	83.90	80.60	79.80	71.00	57.30	49.80
VA	1923	46.60	43.50	58.20	65.50	74.10	84.90	84.60	82.90	78.20	67.00	53.40	55.00
VA	1924	45.30	43.40	52.00	63.90	71.10	81.00	82.60	84.80	72.80	69.80	56.90	47.70
VA	1925	43.00	55.40	58.80	69.20	71.80	87.30	87.30	84.00	84.10	61.90	53.40	44.40
VA	1926	43.60	48.70	50.40	64.10	77.30	80.70	86.70	85.60	79.50	67.70	53.00	43.80
VA	1927	43.60	53.80	57.70	62.90	74.40	78.80	84.60	78.60	80.20	70.20	60.20	47.40
VA	1928	46.90	47.60	55.80	62.50	73.80	79.40	85.90	84.20	72.50	68.70	56.60	47.60
VA	1929	44.60	44.30	60.40	69.60	74.20	80.90	84.10	82.30	78.60	65.50	54.90	48.00
VA	1930	46.10	54.40	55.00	66.20	78.60	83.30	90.00	86.10	84.70	66.00	53.30	42.00
VA	1931	46.00	50.00	47.70	64.50	74.20	83.60	88.20	82.60	83.30	72.50	64.20	54.80
VA	1932	54.30	55.20	51.50	65.30	74.50	83.20	88.10	87.10	80.30	67.70	54.00	49.30
VA	1933	52.10	48.50	53.60	65.90	78.50	85.50	85.10	83.00	83.40	68.70	55.00	51.40
VA	1934	49.00	37.80	52.80	66.40	76.90	86.20	88.70	82.40	78.40	68.10	58.90	45.90
VA	1935	43.20	47.50	61.10	61.30	73.00	82.40	85.40	83.70	76.90	70.00	57.70	37.80
VA	1936	38.60	41.50	60.10	63.00	80.20	83.90	87.90	86.20	81.00	69.20	54.40	46.70
VA	1937	52.10	46.20	52.70	64.40	76.40	84.20	84.40	84.70	75.40	63.70	54.10	44.50
VA	1938	44.10	52.20	62.00	67.90	74.20	80.10	84.40	86.50	76.50	69.80	60.30	45.90
VA	1939	47.70	52.80	58.40	64.80	77.70	85.10	83.60	84.20	81.70	70.20	53.60	48.00
VA	1940	32.30	46.00	51.80	62.90	75.00	83.20	84.50	80.30	76.90	67.50	56.00	51.40
VA	1941	42.50	42.50	50.00	70.50	80.30	82.10	85.40	85.60	83.30	76.10	60.60	50.90
VA	1942	43.50	43.10	57.20	70.90	78.10	83.20	87.00	82.10	78.90	68.10	58.40	43.00
VA	1943	47.20	50.00	55.70	63.60	77.80	87.30	85.40	87.80	77.80	67.70	57.20	46.90
VA	1944	46.30	49.00	54.20	65.40	81.60	86.00	86.80	84.40	78.20	67.50	54.30	42.00
VA	1945	40.60	48.90	67.90	70.20	73.00	83.80	84.40	83.70	80.90	68.50	58.30	38.80
VA	1946	45.30	50.50	63.20	67.70	74.10	82.10	83.90	80.30	78.90	70.70	62.20	53.00
VA	1947	50.60	40.90	47.20	68.70	76.70	81.20	83.20	86.20	78.60	72.30	52.40	47.10
VA	1948	38.20	48.30	59.90	68.70	74.80	82.90	86.00	83.60	77.20	65.20	60.10	48.90
VA	1949	52.60	54.20	56.80	64.40	76.20	83.50	86.80	83.30	75.30	71.00	57.40	50.40
VA	1950	57.30	48.70	53.50	64.70	74.40	82.60	82.70	82.40	74.80	70.00	55.90	42.40
VA	1951	48.50	50.30	54.60	65.20	75.40	82.60	86.70	84.80	79.20	70.80	52.20	49.20
VA	1952	50.00	50.10	55.00	66.30	75.60	87.90	89.20	83.60	78.20	66.50	57.20	46.30
VA	1953	49.60	51.90	56.80	65.80	80.30	84.00	88.60	86.70	80.70	72.80	58.60	48.80
VA	1954	46.60	54.00	56.00	71.70	71.40	84.40	88.20	85.20	84.40	71.70	52.50	44.50
VA	1955	42.80	49.20	58.90	69.90	77.90	78.60	88.40	85.10	77.70	69.40	56.00	42.70
VA	1956	41.90	50.70	55.30	63.90	76.20	82.90	85.00	84.40	75.90	67.40	55.40	56.20
VA	1957	42.90	51.10	54.30	70.40	77.60	83.20	87.20	84.00	78.30	62.30	57.30	49.60
VA	1958	40.60	38.80	48.00	65.50	74.10	80.30	86.40	83.00	78.60	67.00	59.90	41.80
VA	1959	44.50	50.30	56.70	68.80	78.40	83.60	85.00	86.90	79.70	68.20	55.60	48.80
VA	1960	45.20	45.30	42.40	71.70	73.10	82.20	84.50	85.00	77.60	67.70	59.30	42.10
VA	1961	40.50	49.90	58.80	60.10	71.60	80.40	85.00	83.40	81.10	69.50	57.80	44.90
VA	1962	43.30	47.60	51.60	64.50	79.50	80.60	82.50	83.50	75.20	69.60	52.90	42.00
VA	1963	41.70	41.40	60.60	69.30	74.60	81.90	85.40	84.30	76.30	73.00	58.40	38.00
VA	1964	46.20	43.80	57.20	65.40	77.10	84.40	84.80	82.10	77.90	64.30	62.00	49.30
VA	1965	45.20	47.50	51.70	64.80	80.30	79.90	84.00	84.90	79.90	66.40	58.00	50.70
VA	1966	38.90	43.90	57.90	61.40	74.50	83.10	88.50	83.20	75.40	66.60	58.20	44.60
VA	1967	48.90	43.40	58.10	69.50	70.20	81.40	82.50	81.30	74.40	66.80	52.70	49.20
VA	1968	40.60	42.20	60.40	67.20	72.20	82.50	85.40	86.30	79.00	68.30	56.70	43.70
VA	1969	40.90	42.70	50.90	68.40	76.50	83.30	85.80	82.60	76.20	67.80	54.20	41.30
VA	1970	38.40	46.70	51.80	67.00	78.00	83.10	85.30	84.20	83.10	69.40	55.80	48.50
VA	1971	40.70	47.20	52.70	67.40	72.20	82.60	83.70	82.40	78.20	69.80	55.80	55.20
VA	1972	48.30	44.10	55.70	66.00	72.20	77.60	83.70	82.90	78.30	64.00	53.60	50.80
VA	1973	45.80	45.90	59.40	63.50	72.00	83.30	85.10	84.30	80.60	70.20	60.10	47.00
VA	1974	52.60	48.50	59.90	68.60	74.30	77.70	84.70	82.00	75.10	67.60	57.90	48.10
VA	1975	48.50	49.20	52.70	62.60	76.30	81.80	83.00	86.30	74.80	70.80	61.80	47.10
VA	1976	42.00	57.30	62.30	71.00	72.90	81.60	84.60	83.40	77.00	61.30	51.00	44.20
VA	1977	32.00	48.20	61.80	70.80	77.90	80.20	89.30	86.40	79.80	64.00	56.20	44.90
VA	1978	36.80	37.40	52.20	66.70	72.30	82.70	84.10	85.50	80.20	67.60	59.40	50.50
VA	1979	41.00	37.10	59.50	65.60	73.90	78.70	82.40	83.80	75.50	66.10	60.20	50.00
VA	1980	43.00	42.40	52.70	66.90	75.90	81.50	88.00	87.80	82.20	65.80	54.80	47.30
VA	1981	39.50	50.30	53.40	71.00	72.90	84.60	84.90	82.40	77.00	65.40	57.10	41.70
VA	1982	37.80	47.80	56.60	64.10	79.10	79.30	84.90	81.80	76.40	67.20	59.40	52.10
VA	1983	42.40	46.30	56.20	61.10	73.40	81.70	88.30	88.20	80.00	67.00	57.70	43.10
VA	1984	40.30	52.30	51.40	62.50	73.90	84.50	82.10	83.60	75.80	72.90	55.20	56.20
VA	1985	38.30	46.60	59.80	72.20	76.50	81.40	84.10	82.00	79.20	70.00	62.90	44.60
VA	1986	44.60	45.50	58.20	69.20	76.10	85.30	88.80	81.50	77.70	69.80	55.50	47.00
VA	1987	41.60	45.90	57.40	61.90	77.80	84.30	89.10	87.10	78.30	64.40	60.50	49.10
VA	1988	39.60	47.60	58.30	65.70	74.70	83.10	88.10	87.50	76.00	62.70	58.60	47.60
VA	1989	50.40	47.50	56.60	64.90	71.90	83.00	84.10	81.60	76.50	69.50	57.10	36.80
VA	1990	52.70	56.70	60.80	66.80	73.10	82.80	86.50	82.90	77.70	70.70	63.20	53.20
VA	1991	46.70	52.70	58.40	68.00	80.00	83.20	87.00	84.40	79.00	70.60	56.70	52.00
VA	1992	47.40	51.00	55.30	66.10	70.20	77.60	85.90	80.10	76.80	66.00	55.60	45.80
VA	1993	47.50	45.30	50.80	65.30	76.40	83.10	89.60	86.20	79.40	67.00	57.40	44.40
VA	1994	38.40	48.30	56.80	72.30	72.00	84.70	86.00	81.90	77.00	67.60	62.80	52.50
VA	1995	46.00	45.00	60.60	68.20	74.10	80.20	87.30	86.80	77.00	70.80	52.20	43.20
VA	1996	42.50	46.00	51.50	66.80	74.20	83.30	83.60	82.00	76.00	67.80	51.10	49.90
VA	1997	45.50	51.50	59.80	62.90	72.20	79.60	86.50	83.90	77.90	68.10	53.00	47.30
VA	1998	49.40	50.30	55.70	67.80	76.20	82.10	86.50	86.20	84.70	70.20	60.20	53.00
VA	1999	49.80	51.30	53.90	68.70	76.40	82.00	88.50	86.50	76.90	66.80	63.90	50.70
VA	2000	44.70	53.20	62.60	65.00	78.50	83.10	82.00	82.20	75.60	71.70	55.00	40.00
VA	2001	45.00	52.80	53.00	69.70	75.20	82.30	82.70	85.50	76.40	69.60	65.70	54.10
VA	2002	50.20	53.20	58.50	70.70	74.80	85.30	87.60	87.50	80.20	65.90	54.50	45.20
VA	2003	40.00	42.80	60.20	66.30	70.90	78.90	84.20	84.70	76.60	66.90	63.30	46.70
VA	2004	41.90	46.60	59.70	66.90	80.30	80.40	84.30	81.80	77.40	66.90	59.90	49.00
VA	2005	47.20	49.80	52.10	67.60	72.00	82.40	86.70	86.20	83.00	68.40	61.60	44.60
VA	2006	52.80	48.30	58.30	71.60	73.90	81.70	86.50	87.60	74.30	65.40	59.80	55.10
VA	2007	49.70	41.90	62.40	65.30	77.00	83.50	85.30	89.30	82.30	74.80	57.80	50.60
VA	2008	46.30	51.00	59.20	67.00	73.40	86.50	86.10	83.80	78.30	67.00	54.30	50.00
VA	2009	42.20	50.80	55.90	68.00	74.70	82.10	82.50	85.10	76.20	65.90	59.60	44.80
VA	2010	41.60	40.10	58.60	73.20	77.60	87.30	89.90	86.20	83.20	70.40	58.60	38.10
VA	2011	41.00	52.80	57.20	70.10	76.00	85.00	89.00	85.70	77.00	66.50	61.70	53.20
VA	2012	49.60	53.10	67.90	68.00	78.20	82.50	89.40	84.10	77.90	67.20	54.00	52.50
VA	2013	48.00	46.40	50.00	68.40	73.70	82.00	84.60	81.00	77.60	68.00	54.90	50.30
VA	2014	40.60	47.30	52.50	68.00	77.50	83.40	84.00	80.80	77.30	68.80	53.00	49.40
VA	2015	43.10	39.80	55.60	68.10	79.20	83.70	84.70	84.00	79.40	67.10	61.80	59.00
VA	2016	43.00	47.60	63.70	68.20	71.50	83.00	87.50	86.70	81.80	71.00	61.30	48.80
VA	2017	48.30	58.70	57.60	72.10	73.80	82.30	87.50	82.70	77.90	72.10	57.40	46.70
VA	2018	42.90	55.20	51.00	64.40	80.90	83.10	85.30	85.00	80.50	68.80	52.70	48.50
VA	2019	45.30	51.70	55.10	70.00	80.20	81.50	87.80	85.50	84.50	71.30	54.00	51.40
VA	2020	49.90	52.20	62.30	65.20	70.60	81.60	89.80	84.30	75.60	69.70	63.10	48.00